4.387793e+10
4.387793e+10
4.387793e+10
4.387793e+10
4.387793e+10
4.387793e+10
4.387793e+10
4.387793e+10
4.387794e+10
4.387794e+10
4.387794e+10
4.387794e+10
4.387794e+10
4.387794e+10
4.387794e+10
4.387794e+10
4.387795e+10
4.387795e+10
4.387796e+10
4.387798e+10
4.387800e+10
4.387804e+10
4.387810e+10
4.387821e+10
4.387840e+10
4.387874e+10
4.387935e+10
4.388045e+10
4.388250e+10
4.388637e+10
4.389381e+10
4.390837e+10
4.393734e+10
4.399597e+10
4.411675e+10
4.437004e+10
4.491190e+10
4.609878e+10
4.878405e+10
5.518207e+10
7.192269e+10
1.242428e+11
3.497920e+11
1.967827e+12
2.498868e+13
7.618586e+14
5.847832e+16
1.989933e+18
2.866290e+19
1.708221e+20
4.623401e+20
7.347209e+20
8.894313e+20
9.576580e+20
9.844602e+20
9.944361e+20
9.980430e+20
9.993219e+20
9.997683e+20
9.999219e+20
9.999740e+20
9.999915e+20
9.999972e+20
9.999991e+20
9.999997e+20
9.999999e+20
1.000000e+21
1.000000e+21
1.000000e+21
1.000000e+21
1.000000e+21
1.000000e+21
1.000000e+21
1.000000e+21
1.000000e+21
1.000000e+21
1.000000e+21
1.000000e+21
1.000000e+21
1.000000e+21
1.000000e+21
1.000000e+21
1.000000e+21
1.000000e+21
1.000000e+21
1.000000e+21
1.000000e+21
1.000000e+21
1.000000e+21
1.000000e+21
