2.250000e+11
2.246373e+11
2.239148e+11
2.228353e+11
2.214015e+11
2.196161e+11
2.174820e+11
2.150017e+11
2.121781e+11
2.090137e+11
2.055112e+11
2.016732e+11
1.975024e+11
1.930013e+11
1.881725e+11
1.830186e+11
1.775421e+11
1.717456e+11
1.656317e+11
1.592029e+11
1.524620e+11
1.454117e+11
1.380551e+11
1.303956e+11
1.224373e+11
1.141856e+11
1.056479e+11
9.683538e+10
8.776552e+10
7.846664e+10
6.898534e+10
5.939815e+10
4.982857e+10
4.046852e+10
3.159770e+10
2.358304e+10
1.682781e+10
1.164532e+10
8.087059e+09
5.857479e+09
4.484592e+09
3.596394e+09
2.984685e+09
2.541050e+09
2.207364e+09
1.992700e+09
7.363375e+09
8.184142e+11
1.904358e+14
2.305088e+16
1.142072e+18
2.177815e+19
1.553076e+20
4.560201e+20
7.400379e+20
8.961495e+20
9.619339e+20
9.866136e+20
9.954023e+20
9.984473e+20
9.994831e+20
9.998302e+20
9.999450e+20
9.999824e+20
9.999944e+20
9.999983e+20
9.999995e+20
9.999998e+20
1.000000e+21
1.000000e+21
1.000000e+21
1.000000e+21
1.000000e+21
1.000000e+21
1.000000e+21
1.000000e+21
1.000000e+21
1.000000e+21
1.000000e+21
1.000000e+21
1.000000e+21
1.000000e+21
1.000000e+21
1.000000e+21
1.000000e+21
1.000000e+21
1.000000e+21
1.000000e+21
1.000000e+21
1.000000e+21
