1.000000e+21
1.000000e+21
1.000000e+21
1.000000e+21
1.000000e+21
1.000000e+21
1.000000e+21
1.000000e+21
1.000000e+21
1.000000e+21
1.000000e+21
9.999999e+20
9.999999e+20
9.999999e+20
9.999999e+20
9.999998e+20
9.999997e+20
9.999996e+20
9.999994e+20
9.999990e+20
9.999985e+20
9.999976e+20
9.999961e+20
9.999936e+20
9.999893e+20
9.999816e+20
9.999678e+20
9.999427e+20
9.998961e+20
9.998079e+20
9.996383e+20
9.993069e+20
9.986480e+20
9.973170e+20
9.945868e+20
9.889090e+20
9.769780e+20
9.518242e+20
8.994319e+20
7.951485e+20
6.100708e+20
3.531628e+20
1.254401e+20
2.229766e+19
1.755912e+18
5.759328e+16
7.503282e+14
2.204995e+13
1.530827e+12
2.568633e+11
9.490402e+10
5.972054e+10
4.933258e+10
4.581796e+10
4.457055e+10
4.412343e+10
4.396397e+10
4.390771e+10
4.388810e+10
4.388136e+10
4.387907e+10
4.387831e+10
4.387806e+10
4.387797e+10
4.387795e+10
4.387794e+10
4.387794e+10
4.387793e+10
4.387793e+10
4.387793e+10
4.387793e+10
4.387793e+10
4.387793e+10
4.387793e+10
4.387793e+10
4.387793e+10
4.387793e+10
4.387793e+10
4.387793e+10
4.387793e+10
4.387793e+10
4.387793e+10
4.387793e+10
4.387793e+10
4.387793e+10
4.387793e+10
4.387793e+10
4.387793e+10
4.387793e+10
4.387793e+10
