1.000000e+21
1.000000e+21
1.000000e+21
9.999999e+20
9.999999e+20
9.999998e+20
9.999997e+20
9.999996e+20
9.999995e+20
9.999993e+20
9.999991e+20
9.999988e+20
9.999984e+20
9.999979e+20
9.999970e+20
9.999958e+20
9.999940e+20
9.999912e+20
9.999869e+20
9.999800e+20
9.999688e+20
9.999505e+20
9.999200e+20
9.998679e+20
9.997777e+20
9.996188e+20
9.993337e+20
9.988134e+20
9.978480e+20
9.960265e+20
9.925365e+20
9.857566e+20
9.724474e+20
9.462250e+20
8.950818e+20
7.990765e+20
6.349696e+20
4.041091e+20
1.757612e+20
4.391657e+19
5.564135e+18
3.338364e+17
9.076980e+15
1.117066e+14
9.106097e+11
1.301274e+10
7.514035e+08
7.057728e+08
8.154203e+08
9.760844e+08
1.219632e+09
1.625583e+09
2.388163e+09
3.882052e+09
6.425774e+09
1.000626e+10
1.437957e+10
1.926629e+10
2.445923e+10
2.983632e+10
3.533512e+10
4.092651e+10
4.659759e+10
5.234279e+10
5.815956e+10
6.404663e+10
7.000320e+10
7.602862e+10
8.212236e+10
8.828388e+10
9.451267e+10
1.008082e+11
1.071700e+11
1.135976e+11
1.200905e+11
1.266482e+11
1.332702e+11
1.399560e+11
1.467053e+11
1.535174e+11
1.603920e+11
1.673286e+11
1.743267e+11
1.813859e+11
1.885058e+11
1.956859e+11
2.029258e+11
2.102251e+11
2.175833e+11
2.250000e+11
