-0.880966
-0.880966
-0.880966
-0.880966
-0.880966
-0.880966
-0.880966
-0.880966
-0.880966
-0.880966
-0.880966
-0.880966
-0.880966
-0.880966
-0.880966
-0.880966
-0.880966
-0.880966
-0.880966
-0.880966
-0.880966
-0.880966
-0.880966
-0.880966
-0.880966
-0.880966
-0.880966
-0.880965
-0.880964
-0.880961
-0.880957
-0.880948
-0.880931
-0.880897
-0.880826
-0.880678
-0.880364
-0.879690
-0.878227
-0.875043
-0.868195
-0.854069
-0.827319
-0.782680
-0.717001
-0.628687
-0.516513
-0.425361
-0.356425
-0.310296
-0.284565
-0.272595
-0.267656
-0.265746
-0.265033
-0.264772
-0.264679
-0.264646
-0.264634
-0.264630
-0.264629
-0.264628
-0.264628
-0.264628
-0.264628
-0.264628
-0.264628
-0.264628
-0.264628
-0.264628
-0.264628
-0.264628
-0.264628
-0.264628
-0.264628
-0.264628
-0.264628
-0.264628
-0.264628
-0.264628
-0.264628
-0.264628
-0.264628
-0.264628
-0.264628
-0.264628
-0.264628
-0.264628
-0.264628
-0.264628
