-1.880966e+00
-1.880966e+00
-1.880966e+00
-1.880966e+00
-1.880966e+00
-1.880966e+00
-1.880966e+00
-1.880966e+00
-1.880966e+00
-1.880966e+00
-1.880966e+00
-1.880966e+00
-1.880966e+00
-1.880966e+00
-1.880966e+00
-1.880966e+00
-1.880966e+00
-1.880966e+00
-1.880966e+00
-1.880965e+00
-1.880965e+00
-1.880965e+00
-1.880964e+00
-1.880962e+00
-1.880960e+00
-1.880956e+00
-1.880948e+00
-1.880935e+00
-1.880910e+00
-1.880862e+00
-1.880772e+00
-1.880594e+00
-1.880243e+00
-1.879537e+00
-1.878101e+00
-1.875168e+00
-1.869228e+00
-1.857549e+00
-1.836034e+00
-1.800193e+00
-1.746802e+00
-1.674082e+00
-1.580804e+00
-1.465815e+00
-1.327953e+00
-1.166050e+00
-9.789238e-01
-8.114715e-01
-6.649444e-01
-5.406029e-01
-4.397148e-01
-3.635266e-01
-3.127582e-01
-2.849222e-01
-2.724100e-01
-2.674635e-01
-2.656328e-01
-2.649781e-01
-2.647489e-01
-2.646699e-01
-2.646431e-01
-2.646340e-01
-2.646310e-01
-2.646300e-01
-2.646297e-01
-2.646295e-01
-2.646294e-01
-2.646294e-01
-2.646293e-01
-2.646293e-01
-2.646292e-01
-2.646292e-01
-2.646291e-01
-2.646291e-01
-2.646290e-01
-2.646290e-01
-2.646289e-01
-2.646289e-01
-2.646288e-01
-2.646287e-01
-2.646287e-01
-2.646286e-01
-2.646286e-01
-2.646285e-01
-2.646285e-01
-2.646284e-01
-2.646284e-01
-2.646283e-01
-2.646282e-01
-2.646282e-01
