0.000000e+00
3.103169e-09
9.285431e-09
1.852290e-08
3.079188e-08
4.606884e-08
6.433045e-08
8.555356e-08
1.097152e-07
1.367925e-07
1.667630e-07
1.996041e-07
2.352936e-07
2.738094e-07
3.151296e-07
3.592324e-07
4.060962e-07
4.556996e-07
5.080213e-07
5.630403e-07
6.207357e-07
6.810866e-07
7.440725e-07
8.096729e-07
8.778676e-07
9.486364e-07
1.021959e-06
1.097817e-06
1.176189e-06
1.257056e-06
1.340399e-06
1.426198e-06
1.514435e-06
1.605091e-06
1.698146e-06
1.793583e-06
1.891383e-06
1.991527e-06
2.093997e-06
2.198776e-06
2.305844e-06
2.415186e-06
2.526782e-06
2.640616e-06
2.756669e-06
2.874926e-06
2.995368e-06
3.117979e-06
3.242742e-06
3.369641e-06
3.498658e-06
3.629777e-06
3.762982e-06
3.898257e-06
4.035586e-06
4.174953e-06
4.316341e-06
4.459736e-06
4.605121e-06
4.752482e-06
4.901803e-06
5.053068e-06
5.206263e-06
5.361373e-06
5.518383e-06
5.677278e-06
5.838043e-06
6.000664e-06
6.165127e-06
6.331417e-06
6.499520e-06
6.669422e-06
6.841110e-06
7.014568e-06
7.189784e-06
7.366744e-06
7.545434e-06
7.725841e-06
7.907952e-06
8.091753e-06
8.277231e-06
8.464374e-06
8.653168e-06
8.843600e-06
9.035658e-06
9.229330e-06
9.424602e-06
9.621462e-06
9.819898e-06
1.001990e-05
