5.468e+09 8.025e+21
3.599e+10 1.219e+21
8.681e+10 5.054e+20
1.455e+11 3.015e+20
2.036e+11 2.155e+20
2.568e+11 1.708e+20
3.040e+11 1.443e+20
3.458e+11 1.269e+20
3.840e+11 1.143e+20
4.210e+11 1.042e+20
4.599e+11 9.542e+19
5.043e+11 8.700e+19
5.596e+11 7.841e+19
6.331e+11 6.931e+19
7.362e+11 5.960e+19
8.877e+11 4.943e+19
1.120e+12 3.918e+19
1.492e+12 2.940e+19
2.119e+12 2.071e+19
3.230e+12 1.359e+19
5.320e+12 8.247e+18
9.516e+12 4.611e+18
1.854e+13 2.367e+18
3.943e+13 1.113e+18
7.659e+13 5.729e+17
1.359e+14 3.228e+17
2.205e+14 1.990e+17
3.268e+14 1.342e+17
4.429e+14 9.907e+16
5.486e+14 7.998e+16
6.212e+14 7.063e+16
6.430e+14 6.823e+16
6.085e+14 7.211e+16
5.263e+14 8.337e+16
4.161e+14 1.054e+17
3.007e+14 1.459e+17
1.987e+14 2.208e+17
1.200e+14 3.657e+17
6.620e+13 6.628e+17
3.338e+13 1.315e+18
1.537e+13 2.856e+18
6.450e+12 6.803e+18
2.460e+12 1.784e+19
8.442e+11 5.197e+19
2.528e+11 1.736e+20
5.921e+10 7.411e+20
6.521e+09 6.729e+21
