4.387793e+11
4.388177e+11
4.388567e+11
4.388971e+11
4.389397e+11
4.389852e+11
4.390345e+11
4.390885e+11
4.391481e+11
4.392145e+11
4.392889e+11
4.393725e+11
4.394671e+11
4.395742e+11
4.396959e+11
4.398344e+11
4.399923e+11
4.401724e+11
4.403780e+11
4.406130e+11
4.408816e+11
4.411889e+11
4.415405e+11
4.419429e+11
4.424036e+11
4.429311e+11
4.435352e+11
4.442272e+11
4.450201e+11
4.459287e+11
4.469702e+11
4.481643e+11
4.495336e+11
4.511044e+11
4.529069e+11
4.549760e+11
4.573522e+11
4.600823e+11
4.632206e+11
4.668306e+11
4.709858e+11
4.757725e+11
4.812916e+11
4.876617e+11
4.950226e+11
5.035395e+11
5.134088e+11
5.248648e+11
5.381879e+11
5.537161e+11
5.718586e+11
5.931139e+11
6.180930e+11
6.475498e+11
6.824215e+11
7.238811e+11
7.734092e+11
8.328889e+11
9.047369e+11
9.920812e+11
1.099008e+12
1.230906e+12
1.394951e+12
1.600797e+12
1.861562e+12
2.195270e+12
2.626951e+12
3.191762e+12
3.939655e+12
4.942449e+12
6.304665e+12
8.180314e+12
1.079923e+13
1.450887e+13
1.984154e+13
2.762371e+13
3.915646e+13
5.651667e+13
8.306706e+13
1.243312e+14
1.895151e+14
2.941915e+14
4.650990e+14
7.488486e+14
1.227945e+15
2.050697e+15
3.487896e+15
6.041790e+15
1.065880e+16
1.915104e+16
3.504440e+16
6.531129e+16
1.239663e+17
2.396458e+17
4.718411e+17
9.462370e+17
1.932947e+18
4.022854e+18
8.533138e+18
1.846298e+19
4.082268e+19
9.261549e+19
1.779969e+20
2.943526e+20
4.278480e+20
5.601157e+20
6.766059e+20
7.703957e+20
8.411230e+20
8.920499e+20
9.275701e+20
9.518156e+20
9.681277e+20
9.789975e+20
9.861950e+20
9.909409e+20
9.940617e+20
9.961101e+20
9.974532e+20
9.983330e+20
9.989091e+20
9.992862e+20
9.995330e+20
9.996945e+20
9.998001e+20
9.998692e+20
9.999145e+20
9.999440e+20
9.999634e+20
9.999761e+20
9.999843e+20
9.999898e+20
9.999933e+20
9.999956e+20
9.999971e+20
9.999981e+20
9.999988e+20
9.999992e+20
9.999995e+20
9.999997e+20
9.999998e+20
9.999999e+20
9.999999e+20
9.999999e+20
1.000000e+21
1.000000e+21
1.000000e+21
1.000000e+21
1.000000e+21
1.000000e+21
1.000000e+21
1.000000e+21
1.000000e+21
1.000000e+21
1.000000e+21
1.000000e+21
1.000000e+21
1.000000e+21
1.000000e+21
1.000000e+21
1.000000e+21
1.000000e+21
1.000000e+21
1.000000e+21
1.000000e+21
1.000000e+21
1.000000e+21
1.000000e+21
1.000000e+21
1.000000e+21
1.000000e+21
1.000000e+21
1.000000e+21
1.000000e+21
1.000000e+21
1.000000e+21
1.000000e+21
1.000000e+21
1.000000e+21
1.000000e+21
1.000000e+21
1.000000e+21
1.000000e+21
1.000000e+21
1.000000e+21
1.000000e+21
1.000000e+21
1.000000e+21
1.000000e+21
1.000000e+21
1.000000e+21
1.000000e+21
1.000000e+21
1.000000e+21
1.000000e+21
1.000000e+21
1.000000e+21
1.000000e+21
1.000000e+21
1.000000e+21
