2.250000e+12
2.200773e+12
2.151544e+12
2.102327e+12
2.053138e+12
2.003992e+12
1.954903e+12
1.905887e+12
1.856958e+12
1.808133e+12
1.759428e+12
1.710860e+12
1.662447e+12
1.614208e+12
1.566165e+12
1.518338e+12
1.470753e+12
1.423434e+12
1.376408e+12
1.329704e+12
1.283354e+12
1.237390e+12
1.191849e+12
1.146766e+12
1.102183e+12
1.058140e+12
1.014681e+12
9.718535e+11
9.297037e+11
8.882814e+11
8.476371e+11
8.078226e+11
7.688903e+11
7.308926e+11
6.938816e+11
6.579087e+11
6.230235e+11
5.892734e+11
5.567027e+11
5.253520e+11
4.952572e+11
4.664489e+11
4.389517e+11
4.127833e+11
3.879544e+11
3.644675e+11
3.423174e+11
3.214906e+11
3.019654e+11
2.837124e+11
2.666946e+11
2.508686e+11
2.361847e+11
2.225886e+11
2.100220e+11
1.984238e+11
1.877317e+11
1.778828e+11
1.688150e+11
1.604680e+11
1.527843e+11
1.457101e+11
1.391963e+11
1.331995e+11
1.276836e+11
1.226220e+11
1.180012e+11
1.138270e+11
1.101354e+11
1.070114e+11
1.046228e+11
1.032821e+11
1.035589e+11
1.064893e+11
1.139713e+11
1.295196e+11
1.597319e+11
2.171774e+11
3.261726e+11
5.345116e+11
9.376557e+11
1.729395e+12
3.309624e+12
6.517239e+12
1.314147e+13
2.706246e+13
5.683660e+13
1.216516e+14
2.652667e+14
5.891817e+14
1.332853e+15
3.070904e+15
7.205996e+15
1.722119e+16
4.191542e+16
1.039028e+17
2.623185e+17
6.745142e+17
1.766635e+18
4.713931e+18
1.282136e+19
3.559947e+19
8.286515e+19
1.631070e+20
2.754976e+20
4.075979e+20
5.411342e+20
6.606035e+20
7.579255e+20
8.319361e+20
8.855403e+20
9.230778e+20
9.487695e+20
9.660856e+20
9.776382e+20
9.852937e+20
9.903443e+20
9.936665e+20
9.958477e+20
9.972779e+20
9.982149e+20
9.988285e+20
9.992302e+20
9.994930e+20
9.996650e+20
9.997775e+20
9.998512e+20
9.998993e+20
9.999308e+20
9.999514e+20
9.999649e+20
9.999737e+20
9.999795e+20
9.999833e+20
9.999858e+20
9.999874e+20
9.999884e+20
9.999891e+20
9.999896e+20
9.999899e+20
9.999901e+20
9.999902e+20
9.999903e+20
9.999903e+20
9.999904e+20
9.999904e+20
9.999904e+20
9.999904e+20
9.999904e+20
9.999904e+20
9.999904e+20
9.999904e+20
9.999904e+20
9.999904e+20
9.999904e+20
9.999904e+20
9.999904e+20
9.999904e+20
9.999904e+20
9.999904e+20
9.999904e+20
9.999904e+20
9.999904e+20
9.999904e+20
9.999904e+20
9.999904e+20
9.999904e+20
9.999904e+20
9.999904e+20
9.999904e+20
9.999904e+20
9.999904e+20
9.999904e+20
9.999904e+20
9.999904e+20
9.999904e+20
9.999904e+20
9.999904e+20
9.999904e+20
9.999904e+20
9.999904e+20
9.999904e+20
9.999904e+20
9.999904e+20
9.999904e+20
9.999904e+20
9.999905e+20
9.999905e+20
9.999905e+20
9.999906e+20
9.999906e+20
9.999907e+20
9.999909e+20
9.999912e+20
9.999916e+20
9.999922e+20
9.999931e+20
9.999945e+20
9.999967e+20
1.000000e+21
