1.000000e+20
9.999127e+19
9.998238e+19
9.997317e+19
9.996347e+19
9.995310e+19
9.994188e+19
9.992959e+19
9.991602e+19
9.990092e+19
9.988401e+19
9.986499e+19
9.984351e+19
9.981917e+19
9.979154e+19
9.976012e+19
9.972433e+19
9.968353e+19
9.963698e+19
9.958384e+19
9.952316e+19
9.945384e+19
9.937465e+19
9.928417e+19
9.918079e+19
9.906267e+19
9.892774e+19
9.877363e+19
9.859765e+19
9.839674e+19
9.816747e+19
9.790591e+19
9.760768e+19
9.726780e+19
9.688069e+19
9.644010e+19
9.593905e+19
9.536976e+19
9.472362e+19
9.399114e+19
9.316191e+19
9.222461e+19
9.116704e+19
8.997617e+19
8.863825e+19
8.713901e+19
8.546392e+19
8.359855e+19
8.152903e+19
7.924266e+19
7.672865e+19
7.397894e+19
7.098922e+19
6.775994e+19
6.429741e+19
6.061483e+19
5.673314e+19
5.268161e+19
4.849800e+19
4.422817e+19
3.992504e+19
3.564687e+19
3.145482e+19
2.741006e+19
2.357049e+19
1.998749e+19
1.670299e+19
1.374724e+19
1.113751e+19
8.877771e+18
6.959598e+18
5.363845e+18
4.063061e+18
3.024214e+18
2.211418e+18
1.588416e+18
1.120580e+18
7.763715e+17
5.282230e+17
3.529118e+17
2.315273e+17
1.491475e+17
9.434106e+16
5.859387e+16
3.573283e+16
2.139659e+16
1.258006e+16
7.262406e+15
4.116591e+15
2.291151e+15
1.252067e+15
6.718278e+14
3.539504e+14
1.830949e+14
9.299303e+13
4.637098e+13
2.270002e+13
1.090717e+13
5.142063e+12
2.376536e+12
1.074842e+12
4.737645e+11
2.465095e+11
1.490659e+11
1.025550e+11
7.833727e+10
6.485006e+10
5.695506e+10
5.216589e+10
4.918776e+10
4.730417e+10
4.609920e+10
4.532247e+10
4.481925e+10
4.449215e+10
4.427906e+10
4.414005e+10
4.404928e+10
4.398997e+10
4.395120e+10
4.392585e+10
4.390928e+10
4.389843e+10
4.389134e+10
4.388671e+10
4.388367e+10
4.388169e+10
4.388039e+10
4.387954e+10
4.387898e+10
4.387862e+10
4.387838e+10
4.387823e+10
4.387813e+10
4.387806e+10
4.387802e+10
4.387799e+10
4.387797e+10
4.387796e+10
4.387795e+10
4.387794e+10
4.387794e+10
4.387794e+10
4.387794e+10
4.387794e+10
4.387794e+10
4.387793e+10
4.387793e+10
4.387793e+10
4.387793e+10
4.387793e+10
4.387793e+10
4.387793e+10
4.387793e+10
4.387793e+10
4.387793e+10
4.387793e+10
4.387793e+10
4.387793e+10
4.387793e+10
4.387793e+10
4.387793e+10
4.387793e+10
4.387793e+10
4.387793e+10
4.387793e+10
4.387793e+10
4.387793e+10
4.387793e+10
4.387793e+10
4.387793e+10
4.387793e+10
4.387793e+10
4.387793e+10
4.387793e+10
4.387793e+10
4.387793e+10
4.387793e+10
4.387793e+10
4.387793e+10
4.387793e+10
4.387793e+10
4.387793e+10
4.387793e+10
4.387793e+10
4.387793e+10
4.387793e+10
4.387793e+10
4.387793e+10
4.387793e+10
4.387793e+10
4.387793e+10
4.387793e+10
4.387793e+10
4.387793e+10
4.387793e+10
4.387793e+10
4.387793e+10
4.387793e+10
4.387793e+10
