1.000000e+20
9.995818e+19
9.991561e+19
9.987151e+19
9.982510e+19
9.977551e+19
9.972186e+19
9.966317e+19
9.959838e+19
9.952633e+19
9.944571e+19
9.935509e+19
9.925285e+19
9.913718e+19
9.900602e+19
9.885707e+19
9.868772e+19
9.849502e+19
9.827566e+19
9.802588e+19
9.774145e+19
9.741761e+19
9.704902e+19
9.662968e+19
9.615288e+19
9.561116e+19
9.499624e+19
9.429897e+19
9.350931e+19
9.261629e+19
9.160805e+19
9.047188e+19
8.919429e+19
8.776120e+19
8.615813e+19
8.437057e+19
8.238436e+19
8.018625e+19
7.776458e+19
7.511010e+19
7.221688e+19
6.908331e+19
6.571324e+19
6.211699e+19
5.831230e+19
5.432505e+19
5.018960e+19
4.594865e+19
4.165245e+19
3.735734e+19
3.312365e+19
2.901290e+19
2.508469e+19
2.139337e+19
1.798497e+19
1.489464e+19
1.214493e+19
9.745109e+18
7.691578e+18
5.969234e+18
4.553658e+18
3.413730e+18
2.514407e+18
1.819323e+18
1.292998e+18
9.025264e+17
6.186819e+17
4.164861e+17
2.753253e+17
1.787299e+17
1.139332e+17
7.131915e+16
4.383970e+16
2.646307e+16
1.568671e+16
9.131733e+15
5.220556e+15
2.931151e+15
1.616354e+15
8.754565e+14
4.657573e+14
2.434138e+14
1.249773e+14
6.304728e+13
3.125446e+13
1.522810e+13
7.294095e+12
3.435888e+12
1.592518e+12
7.269760e+11
3.274467e+11
1.460774e+11
6.506454e+10
2.943326e+10
1.398448e+10
7.367818e+09
4.556809e+09
3.361751e+09
2.843607e+09
2.605543e+09
2.481814e+09
2.402981e+09
2.657669e+09
3.098737e+09
3.707560e+09
4.496930e+09
5.482454e+09
6.672155e+09
8.063287e+09
9.643073e+09
1.139149e+10
1.328466e+10
1.529782e+10
1.740758e+10
1.959322e+10
2.183721e+10
2.412531e+10
2.644626e+10
2.879138e+10
3.115412e+10
3.352957e+10
3.591415e+10
3.830526e+10
4.070102e+10
4.310010e+10
4.550155e+10
4.790471e+10
5.030913e+10
5.271449e+10
5.512057e+10
5.752722e+10
5.993435e+10
6.234190e+10
6.474982e+10
6.715811e+10
6.956674e+10
7.197572e+10
7.438505e+10
7.679473e+10
7.920477e+10
8.161519e+10
8.402600e+10
8.643720e+10
8.884882e+10
9.126087e+10
9.367336e+10
9.608630e+10
9.849970e+10
1.009136e+11
1.033280e+11
1.057429e+11
1.081583e+11
1.105743e+11
1.129908e+11
1.154079e+11
1.178256e+11
1.202438e+11
1.226627e+11
1.250822e+11
1.275024e+11
1.299232e+11
1.323447e+11
1.347669e+11
1.371897e+11
1.396133e+11
1.420376e+11
1.444627e+11
1.468885e+11
1.493151e+11
1.517424e+11
1.541706e+11
1.565996e+11
1.590294e+11
1.614601e+11
1.638916e+11
1.663240e+11
1.687573e+11
1.711915e+11
1.736266e+11
1.760626e+11
1.784996e+11
1.809376e+11
1.833765e+11
1.858164e+11
1.882574e+11
1.906993e+11
1.931423e+11
1.955863e+11
1.980314e+11
2.004776e+11
2.029249e+11
2.053732e+11
2.078227e+11
2.102733e+11
2.127250e+11
2.151779e+11
2.176318e+11
2.200869e+11
2.225429e+11
2.250000e+11
