-8.214614e-01
-8.214591e-01
-8.214568e-01
-8.214545e-01
-8.214519e-01
-8.214493e-01
-8.214464e-01
-8.214432e-01
-8.214397e-01
-8.214358e-01
-8.214314e-01
-8.214265e-01
-8.214209e-01
-8.214146e-01
-8.214075e-01
-8.213993e-01
-8.213901e-01
-8.213795e-01
-8.213674e-01
-8.213536e-01
-8.213379e-01
-8.213199e-01
-8.212993e-01
-8.212757e-01
-8.212488e-01
-8.212180e-01
-8.211828e-01
-8.211425e-01
-8.210964e-01
-8.210437e-01
-8.209834e-01
-8.209145e-01
-8.208356e-01
-8.207455e-01
-8.206424e-01
-8.205246e-01
-8.203900e-01
-8.202362e-01
-8.200605e-01
-8.198599e-01
-8.196309e-01
-8.193696e-01
-8.190715e-01
-8.187317e-01
-8.183446e-01
-8.179037e-01
-8.174021e-01
-8.168318e-01
-8.161840e-01
-8.154489e-01
-8.146158e-01
-8.136727e-01
-8.126066e-01
-8.114034e-01
-8.100479e-01
-8.085237e-01
-8.068135e-01
-8.048987e-01
-8.027604e-01
-8.003787e-01
-7.977335e-01
-7.948044e-01
-7.915713e-01
-7.880142e-01
-7.841142e-01
-7.798530e-01
-7.752137e-01
-7.701809e-01
-7.647405e-01
-7.588802e-01
-7.525894e-01
-7.458589e-01
-7.386812e-01
-7.310502e-01
-7.229610e-01
-7.144097e-01
-7.053935e-01
-6.959100e-01
-6.859576e-01
-6.755352e-01
-6.646420e-01
-6.532774e-01
-6.414409e-01
-6.291324e-01
-6.163516e-01
-6.030985e-01
-5.893730e-01
-5.751750e-01
-5.605044e-01
-5.453614e-01
-5.297457e-01
-5.136573e-01
-4.970962e-01
-4.800619e-01
-4.625540e-01
-4.445713e-01
-4.261117e-01
-4.071704e-01
-3.877376e-01
-3.677919e-01
-3.472865e-01
-3.261157e-01
-3.092324e-01
-2.962332e-01
-2.865683e-01
-2.796069e-01
-2.747240e-01
-2.713693e-01
-2.690994e-01
-2.675803e-01
-2.665712e-01
-2.659044e-01
-2.654653e-01
-2.651767e-01
-2.649874e-01
-2.648634e-01
-2.647821e-01
-2.647289e-01
-2.646941e-01
-2.646713e-01
-2.646564e-01
-2.646466e-01
-2.646402e-01
-2.646361e-01
-2.646333e-01
-2.646316e-01
-2.646304e-01
-2.646296e-01
-2.646291e-01
-2.646288e-01
-2.646286e-01
-2.646284e-01
-2.646283e-01
-2.646283e-01
-2.646282e-01
-2.646282e-01
-2.646282e-01
-2.646282e-01
-2.646282e-01
-2.646282e-01
-2.646282e-01
-2.646282e-01
-2.646282e-01
-2.646282e-01
-2.646282e-01
-2.646282e-01
-2.646282e-01
-2.646282e-01
-2.646282e-01
-2.646282e-01
-2.646282e-01
-2.646282e-01
-2.646282e-01
-2.646282e-01
-2.646282e-01
-2.646282e-01
-2.646282e-01
-2.646282e-01
-2.646282e-01
-2.646282e-01
-2.646282e-01
-2.646282e-01
-2.646282e-01
-2.646282e-01
-2.646282e-01
-2.646282e-01
-2.646282e-01
-2.646282e-01
-2.646282e-01
-2.646282e-01
-2.646282e-01
-2.646282e-01
-2.646282e-01
-2.646282e-01
-2.646282e-01
-2.646282e-01
-2.646282e-01
-2.646282e-01
-2.646282e-01
-2.646282e-01
-2.646282e-01
-2.646282e-01
-2.646282e-01
-2.646282e-01
-2.646282e-01
-2.646282e-01
-2.646282e-01
-2.646282e-01
-2.646282e-01
-2.646282e-01
-2.646282e-01
-2.646282e-01
-2.646282e-01
-2.646282e-01
-2.646282e-01
-2.646282e-01
-2.646282e-01
-2.646282e-01
-2.646282e-01
-2.646282e-01
