-1.121461e+00
-1.121450e+00
-1.121438e+00
-1.121426e+00
-1.121413e+00
-1.121400e+00
-1.121385e+00
-1.121369e+00
-1.121351e+00
-1.121332e+00
-1.121310e+00
-1.121286e+00
-1.121259e+00
-1.121228e+00
-1.121193e+00
-1.121153e+00
-1.121108e+00
-1.121057e+00
-1.120999e+00
-1.120932e+00
-1.120856e+00
-1.120770e+00
-1.120671e+00
-1.120558e+00
-1.120430e+00
-1.120283e+00
-1.120115e+00
-1.119924e+00
-1.119706e+00
-1.119458e+00
-1.119174e+00
-1.118851e+00
-1.118482e+00
-1.118063e+00
-1.117586e+00
-1.117043e+00
-1.116427e+00
-1.115727e+00
-1.114934e+00
-1.114035e+00
-1.113019e+00
-1.111872e+00
-1.110579e+00
-1.109123e+00
-1.107489e+00
-1.105657e+00
-1.103610e+00
-1.101328e+00
-1.098790e+00
-1.095976e+00
-1.092867e+00
-1.089441e+00
-1.085680e+00
-1.081565e+00
-1.077078e+00
-1.072204e+00
-1.066928e+00
-1.061237e+00
-1.055119e+00
-1.048565e+00
-1.041567e+00
-1.034118e+00
-1.026212e+00
-1.017846e+00
-1.009016e+00
-9.997191e-01
-9.899543e-01
-9.797199e-01
-9.690149e-01
-9.578388e-01
-9.461909e-01
-9.340711e-01
-9.214791e-01
-9.084147e-01
-8.948780e-01
-8.808689e-01
-8.663873e-01
-8.514332e-01
-8.360065e-01
-8.201074e-01
-8.037358e-01
-7.868916e-01
-7.695750e-01
-7.517858e-01
-7.335241e-01
-7.147899e-01
-6.955832e-01
-6.759039e-01
-6.557522e-01
-6.351279e-01
-6.140311e-01
-5.924618e-01
-5.704199e-01
-5.479055e-01
-5.249185e-01
-5.014588e-01
-4.775261e-01
-4.531196e-01
-4.282375e-01
-4.028744e-01
-3.770166e-01
-3.506257e-01
-3.287917e-01
-3.112913e-01
-2.977454e-01
-2.876229e-01
-2.802995e-01
-2.751444e-01
-2.715930e-01
-2.691854e-01
-2.675720e-01
-2.664993e-01
-2.657902e-01
-2.653231e-01
-2.650163e-01
-2.648151e-01
-2.646835e-01
-2.645974e-01
-2.645413e-01
-2.645048e-01
-2.644812e-01
-2.644660e-01
-2.644563e-01
-2.644503e-01
-2.644467e-01
-2.644446e-01
-2.644436e-01
-2.644433e-01
-2.644435e-01
-2.644440e-01
-2.644448e-01
-2.644457e-01
-2.644467e-01
-2.644478e-01
-2.644490e-01
-2.644503e-01
-2.644516e-01
-2.644530e-01
-2.644544e-01
-2.644559e-01
-2.644575e-01
-2.644590e-01
-2.644607e-01
-2.644623e-01
-2.644641e-01
-2.644658e-01
-2.644676e-01
-2.644695e-01
-2.644714e-01
-2.644733e-01
-2.644753e-01
-2.644774e-01
-2.644795e-01
-2.644816e-01
-2.644838e-01
-2.644860e-01
-2.644882e-01
-2.644906e-01
-2.644929e-01
-2.644953e-01
-2.644978e-01
-2.645002e-01
-2.645028e-01
-2.645054e-01
-2.645080e-01
-2.645107e-01
-2.645134e-01
-2.645161e-01
-2.645189e-01
-2.645218e-01
-2.645247e-01
-2.645276e-01
-2.645306e-01
-2.645337e-01
-2.645367e-01
-2.645399e-01
-2.645430e-01
-2.645462e-01
-2.645495e-01
-2.645528e-01
-2.645562e-01
-2.645596e-01
-2.645630e-01
-2.645665e-01
-2.645700e-01
-2.645736e-01
-2.645772e-01
-2.645809e-01
-2.645846e-01
-2.645884e-01
-2.645922e-01
-2.645960e-01
-2.645999e-01
-2.646038e-01
-2.646078e-01
-2.646118e-01
-2.646159e-01
-2.646199e-01
-2.646240e-01
-2.646282e-01
